Red bounce
34444444444444444444444444444444444444444
43444444444444444444444444444444444444444
44344444444444444444444444444444444444444
44434444444444444444444444444444444444444
44443444444444444444444444444444444444444
44444344444444444444444444444444444444444
44444434444444444444444444444444444444444
44444344444444444444444444444444444444444
44443444444444444444444444444444444444444
44434444444444444444444444444444444444444
44344444444444444444444444444444444444444
43444444444444444444444444444444444444444