Lichtband 5 Ping Pong Saeulen
11111222222200000222222220000022222222222
21111122222200000222222220000022222222222
22111112222200000222222220000022222222222
22211111222200000222222220000022222222222
22221111122200000222222220000022222222222
22222111112200000222222220000022222222222
22222211111200000222222220000022222222222
22222221111111111222222220000022222222222
22222222111111111122222220000022222222222
22222222211111111112222220000022222222222
22222222221111111111222220000022222222222
22222222222111111111122220000022222222222
22222222222200000111112220000022222222222
22222222222200000211111220000022222222222
22222222222200000211111220000022222222222
22222222222200000221111120000022222222222
22222222222200000222111111111122222222222
22222222222200000222211111111112222222222
22222222222200000222221111111111222222222
22222222222200000222222111111111122222222
22222222222200000222222211111111112222222
22222222222200000222222220000011111222222
22222222222200000222222220000021111122222
22222222222200000222222220000022111112222
22222222222200000222222220000022211111222
22222222222200000222222220000022221111122
22222222222200000222222220000022222111112
22222222222200000222222220000022222211111