Lichtband 5 Ping Pong Saeulen
11111222222200000222222220000022222222222
21111122222200000222222220000022222222222
22111112222200000222222220000022222222222 
22211111222200000222222220000022222222222
22221111122200000222222220000022222222222
22222111112200000222222220000022222222222
22222211111200000222222220000022222222222
22222221111100000222222220000022222222222
22222222111100000122222220000022222222222
22222222211100000112222220000022222222222
22222222221100000111222220000022222222222
22222222222100000111122220000022222222222
22222222222200000111112220000022222222222
22222222222200000211111220000022222222222
22222222222200000211111220000022222222222
22222222222200000221111120000022222222222
22222222222200000222111110000022222222222
22222222222200000222211110000012222222222
22222222222200000222221110000011222222222
22222222222200000222222110000011122222222
22222222222200000222222210000011112222222
22222222222200000222222220000011111222222
22222222222200000222222220000021111122222
22222222222200000222222220000022111112222
22222222222200000222222220000022211111222
22222222222200000222222220000022221111122
22222222222200000222222220000022222111112
22222222222200000222222220000022222211111