Lichtband Halb-Halb
11111111111100000111100000000000000000000
01111111111100000111110000000000000000000
00111111111100000111111000000000000000000
00011111111100000111111100000000000000000
00001111111100000111111110000000000000000
00000111111100000111111110000010000000000
00000011111100000111111110000011000000000
00000001111100000111111110000011100000000
00000000111100000111111110000011110000000
00000000011100000111111110000011111000000
00000000001100000111111110000011111100000
00000000000100000111111110000011111110000
00000000000000000111111110000011111111000
00000000000000000011111110000011111111100
00000000000000000001111110000011111111110
00000000000000000000111110000011111111111