Lichtband Halb-Halb
11111111111100000111111110000011111111111
21111111111100000111111110000011111111112
22111111111100000111111110000011111111122
22211111111100000111111110000011111111222
22221111111100000111111110000011111112222
22222111111100000111111110000011111122222
22222211111100000111111110000011111222222
22222221111100000111111110000011112222222
22222222111100000111111110000011122222222
22222222211100000111111110000011222222222
22222222221100000111111110000012222222222
22222222222100000111111110000022222222222
22222222222200000111111120000022222222222
22222222222200000211111220000022222222222
22222222222200000221112220000022222222222
22222222222200000222122220000022222222222
22222222222200000222222220000022222222222
12222222222200000222222220000022222222221
11222222222200000222222220000022222222211
11122222222200000222222220000022222222111
11112222222200000222222220000022222221111
11111222222200000222222220000022222211111
11111122222200000222222220000022222111111
11111112222200000222222220000022221111111
11111111222200000222222220000022211111111
11111111122200000222222220000022111111111
11111111112200000222222220000021111111111
11111111111200000222222220000011111111111
11111111111100000222222210000011111111111
11111111111100000122222110000011111111111
11111111111100000112221110000011111111111
11111111111100000111211110000011111111111
11111111111100000111111110000011111111111