Lichtband Halb-Halb
11111111111100000111111110000011111111111
21111111111100000111111110000011111111112
22111111111100000111111110000011111111122
22211111111100000111111110000011111111222
22221111111100000111111110000011111112222
22222111111100000111111110000011111122222
22222211111100000111111110000011111222222
22222221111100000111111110000011112222222
22222222111100000111111110000011122222222
22222222211100000111111110000011222222222
22222222221100000111111110000012222222222
22222222222100000111111110000022222222222
22222222222200000111111120000022222222222
22222222222200000211111220000022222222222
22222222222200000221112220000022222222222
22222222222200000222122220000022222222222
22222222222200000222222220000022222222222